7.69e-02 
7.30e-02 
2.49e-03 
3.07e-04 
1.46e-04 
5.16e-02 
9.48e-03 
7.76e-03 
4.55e-03 
2.84e-02 
2.12e-02 
1.57e-04 
2.09e-04 
1.26e-03 
3.53e-04 
6.37e-05 
1.05e-04 
1.53e-03 
1.33e-04 
1.13e-03 
2.43e-04 
4.26e-05 
1.91e-05 
4.25e-03 
2.13e-03 
1.78e-05 
4.36e-05 
1.17e-03 
2.00e-03 
4.48e-05 
1.29e-03 
2.33e-04 
8.70e-04 
1.29e-05 
9.56e-05 
1.06e-04 
3.53e-05 
5.16e-03 
1.64e-05 
6.66e-06 
1.83e-05 
1.98e-05 
5.99e-06 
6.40e-06 
1.56e-05 
3.57e-06 
4.38e-06 
4.83e-06 
1.21e-05 
1.68e-03 
3.19e-04 
4.79e-06 
1.89e-04 
5.67e-05 
1.17e-05 
2.66e-03 
1.37e-04 
1.25e-05 
1.80e-06 
4.53e-05 
2.80e-06 
2.13e-05 
2.66e-06 
3.56e-06 
1.28e-06 
3.04e-05 
2.75e-06 
8.71e-05 
1.95e-06 
1.82e-06 
8.05e-06 
6.61e-06 
2.22e-06 
5.29e-06 
8.99e-06 
2.40e-06 
1.20e-06 
2.75e-06 
1.85e-06 
1.36e-04 
1.74e-04 
6.78e-06 
1.42e-03 
8.76e-07 
1.12e-05 
4.95e-06 
9.01e-06 
7.79e-06 
1.84e-06 
3.40e-06 
6.64e-07 
2.28e-06 
1.34e-05 
2.13e-06 
9.42e-07 
1.57e-01 
