6.70e-02 
5.51e-02 
8.98e-03 
5.37e-04 
1.04e-04 
4.14e-02 
1.40e-02 
1.01e-02 
5.88e-03 
4.05e-02 
3.07e-02 
2.67e-04 
3.56e-04 
3.00e-03 
4.77e-04 
6.90e-05 
9.63e-05 
8.47e-04 
8.59e-05 
1.48e-03 
3.82e-04 
3.92e-05 
2.73e-05 
2.93e-03 
1.29e-03 
3.54e-05 
4.78e-05 
3.05e-03 
1.87e-03 
3.75e-05 
1.11e-03 
1.15e-04 
3.46e-04 
1.57e-05 
9.10e-05 
9.65e-05 
1.88e-05 
3.93e-03 
4.02e-05 
2.06e-05 
4.69e-05 
5.30e-05 
1.94e-05 
3.52e-06 
1.51e-05 
6.32e-06 
3.60e-06 
5.15e-06 
7.12e-06 
1.79e-03 
8.98e-05 
3.14e-06 
4.07e-05 
5.38e-05 
1.15e-05 
5.08e-03 
8.59e-05 
1.74e-05 
7.34e-06 
2.29e-05 
7.29e-06 
1.14e-05 
2.73e-05 
4.18e-06 
1.69e-06 
1.81e-05 
1.10e-06 
1.46e-04 
2.34e-06 
2.60e-06 
8.24e-06 
4.10e-06 
1.46e-06 
2.20e-06 
7.31e-06 
2.28e-06 
7.71e-06 
7.94e-05 
1.34e-06 
9.84e-05 
2.74e-05 
7.77e-06 
3.35e-04 
1.41e-05 
6.53e-06 
3.75e-06 
9.76e-06 
1.48e-05 
1.28e-06 
9.51e-07 
7.45e-07 
1.49e-05 
1.17e-05 
1.42e-06 
1.27e-06 
1.39e-01 
