4.54e-01 
4.52e-01 
1.75e-01 
1.40e-01 
1.17e-01 
1.18e-01 
9.47e-02 
7.83e-02 
6.65e-02 
8.28e-02 
6.46e-02 
3.55e-02 
3.08e-02 
3.32e-02 
2.62e-02 
2.47e-02 
1.93e-02 
1.91e-02 
1.69e-02 
1.74e-02 
1.69e-02 
1.35e-02 
1.21e-02 
2.49e-02 
1.52e-02 
1.11e-02 
9.27e-03 
1.19e-02 
1.21e-02 
7.38e-03 
1.17e-02 
1.70e-02 
8.35e-03 
6.50e-03 
5.02e-03 
5.71e-03 
5.44e-03 
2.06e-02 
3.88e-03 
3.96e-03 
3.45e-03 
3.49e-03 
4.15e-03 
4.01e-03 
2.73e-03 
3.13e-03 
3.23e-03 
3.20e-03 
2.80e-03 
9.45e-03 
4.06e-03 
2.61e-03 
1.59e-03 
2.11e-03 
1.87e-03 
7.65e-03 
1.14e-03 
1.49e-03 
1.27e-03 
6.39e-04 
1.65e-03 
9.61e-04 
1.21e-03 
1.06e-03 
9.47e-04 
1.33e-03 
9.34e-04 
2.85e-03 
1.60e-04 
7.53e-04 
1.80e-04 
1.09e-04 
6.26e-04 
1.11e-03 
2.02e-03 
8.24e-05 
6.14e-04 
5.32e-04 
6.02e-04 
3.70e-03 
8.82e-04 
2.15e-04 
6.49e-03 
1.24e-04 
4.58e-05 
2.04e-04 
2.95e-04 
1.15e-04 
6.11e-05 
4.86e-05 
2.64e-04 
6.57e-04 
5.48e-05 
4.21e-04 
2.23e-04 
4.71e-01 
