3.18e-01 
3.72e-01 
1.77e-01 
6.95e-02 
6.90e-02 
7.61e-03 
6.55e-03 
6.11e-03 
6.74e-03 
7.11e-03 
9.29e-03 
9.57e-03 
1.07e-02 
1.09e-02 
1.22e-02 
1.28e-02 
1.28e-02 
1.45e-02 
1.58e-02 
1.54e-02 
1.62e-02 
1.64e-02 
1.92e-02 
1.90e-02 
1.98e-02 
1.89e-02 
2.08e-02 
1.98e-02 
1.97e-02 
2.03e-02 
2.00e-02 
2.07e-02 
2.26e-02 
2.23e-02 
2.11e-02 
2.29e-02 
2.27e-02 
2.46e-02 
2.55e-02 
2.76e-02 
2.76e-02 
2.80e-02 
2.98e-02 
2.94e-02 
3.32e-02 
3.18e-02 
3.17e-02 
3.52e-02 
3.32e-02 
3.44e-02 
3.25e-02 
3.23e-02 
3.38e-02 
3.23e-02 
3.31e-02 
3.39e-02 
2.92e-02 
3.53e-02 
3.64e-02 
4.04e-02 
4.13e-02 
3.64e-02 
3.63e-02 
4.03e-02 
4.17e-02 
4.53e-02 
4.68e-02 
3.72e-02 
4.19e-02 
4.43e-02 
4.81e-02 
4.85e-02 
4.86e-02 
5.10e-02 
4.48e-02 
5.04e-02 
5.05e-02 
4.71e-02 
4.74e-02 
4.96e-02 
5.51e-02 
5.24e-02 
5.40e-02 
5.16e-02 
5.42e-02 
5.04e-02 
4.86e-02 
5.45e-02 
5.43e-02 
5.40e-02 
5.32e-02 
4.79e-02 
5.21e-02 
5.44e-02 
5.39e-02 
2.79e-01 
